2019000070892
2019000035704
2019000117473
2019000009271
2019000010917
2019000050358
2019000056103
2019000017872
2019000005498
2019000009280
2019000038288
2019000094783
2019000007005
2019000000502
2019000011395
2019000011277
2019000016814
2019000020883
2019000047019
2019000042592
2019000017907
2019000003207
2019000017289
2019000053291
2019000024214
2019000059285
2019000076961
2019000130714
2019000027789
2019000010694
2019000002212
2019000031774
2019000089314
2019000006552
2019000029317
2019000006492
2019000002200
2019000033861
2019000052798
2019000010302
2019000007686
2019000048980
2019000019520
2019000109519
2019000035883
2019000022146
2019000009092
2019000023848
2019000065012
2019000002819
2019000035612
2019000003474
2019000078973
2019000041003
2019000015818
2019000099146
2019000100971
2019000009351
2019000074111
2019000123298
2019000026390
2019000031705
2019000000946
2019000069529
2019000004868
2019000036576
2019000112196
2019000039027
2019000050676
2019000050333
2019000147648
2019000049807
2019000023915
2019000050008
2019000137011
2019000026355
2019000000767
2019000002048
2019000032247
2019000001484
2019000024383
2019000041236
2019000010101
2019000007366
2019000011959
2019000006468
2019000005852
2019000023844
2019000042336
2019000005061
2019000004989
2019000000110
2019000006749
2019000048336
2019000003631
2019000033502
2019000008794
2019000000556
2019000047247
2019000014902
2019000004664
2019000007027
2019000010238
2019000045860
2019000071780
2019000025903
2019000005524
2019000029382
2019000002579
2019000032722
2019000004243
2019000059971
2019000000263
2019000041969
2019000016936
2019000008303
2019000001128
2019000051148
2019000123314
2019000037385
2019000033356
2019000030465
2019000002611
2019000002386
2019000007922
2019000006408
2019000002246
2019000087088
2019000073025
2019000026763
2019000044878
2019000031448
2019000005169
2019000007140
2019000067663
2019000058406
2019000055901
2019000019255
2019000035855
2019000052293
2019000027035
2019000058580
2019000039169
2019000082699
2019000007296
2019000043241
2019000016844
2019000022490
2019000050332
2019000038676
2019000067644
2019000006936
2019000003400
2019000009547
2019000001341
2019000066121
2019000001545
2019000061818
2019000046660
2019000017143
2019000002254
2019000051696
2019000004371
2019000134781
2019000030403
2019000001021
2019000006633
2019000001102
2019000017113
2019000093148
2019000042587
2019000014147
2019000037363
2019000076639
2019000058413
2019000009486
2019000061311
2019000037276
2019000048008
2019000037206
2019000001068
2019000011715
2019000011407
2019000001149
2019000121819
2019000012993
2019000012803
2019000034929
2019000105417
2019000077852
2019000079553
2019000011885
2019000035413
2019000027905
2019000000498
2019000034313
2019000030893
2019000023984
2019000016021
2019000021698
2019000044167
2019000055556
2019000007441
2019000029735
2019000043650
2019000116395
2019000032756
2019000011414
2019000026963
2019000032477
2019000010657
2019000018947
2019000008276
2019000001159
2019000020951
2019000093830
2019000005274
2019000005403
2019000006210
2019000075938
2019000012076
2019000013516
2019000031648
2019000072180
2019000084580
2019000069722
2019000087377
2019000013227
2019000031917
2019000034500
2019000020826
2019000106614
2019000002585
2019000008752
2019000129090
2019000014539
2019000000776
2019000062548
2019000006158
2019000019673
2019000002140
2019000004931
2019000019023
2019000014220
2019000015931
2019000012596
2019000045678
2019000025394
2019000012135
2019000009577
2019000003111
2019000001187
2019000011200
2019000010095
2019000028963
2019000069895
2019000025054
2019000009653
2019000003215
2019000013942
2019000070109
2019000033891
2019000004118
2019000011370
2019000012616
2019000000206
2019000091107
2019000000842
2019000063972
2019000039453
2019000039626
2019000000532
2019000084673
2019000128107
2019000090786
2019000047440
2019000003448
2019000036076
2019000107719
2019000005469
2019000009252
2019000035119
2019000087652
2019000034105
2019000000349
2019000037849
2019000083720
2019000002747
2019000015788
2019000025542
2019000016064
2019000018944
2019000005642
2019000065644
2019000002210
2019000090110
2019000020974
2019000024379
2019000030839
2019000007958