2019000052423
2019000009058
2019000049691
2019000047197
2019000093480
2019000017238
2019000007482
2019000009601
2019000090962
2019000061417
2019000057809
2019000009165
2019000069171
2019000045128
2019000038807
2019000010888
2019000013553
2019000036884
2019000105196
2019000109232
2019000002388
2019000047467
2019000051442
2019000027719
2019000032548
2019000033486
2019000113707
2019000068085
2019000000613
2019000009030
2019000009367
2019000014774
2019000015901
2019000031094
2019000052049
2019000147195
2019000009910
2019000003923
2019000028770
2019000000469
2019000002654
2019000049761
2019000139344
2019000016643
2019000015215
2019000026294
2019000011545
2019000002403
2019000101732
2019000112212
2019000056714
2019000000447
2019000024451
2019000054985
2019000003813
2019000020740
2019000121395
2019000011520
2019000020675
2019000075244
2019000082096
2019000069338
2019000035333
2019000001138
2019000056956
2019000005737
2019000130840
2019000124898
2019000117980
2019000017651
2019000025136
2019000014275
2019000006406
2019000086738
2019000001249
2019000026388
2019000025353
2019000022520
2019000018641
2019000000698
2019000041459
2019000093715
2019000017045
2019000013556
2019000006947
2019000027068
2019000032834
2019000012848
2019000078368
2019000045571
2019000093213
2019000068935
2019000060005
2019000076457
2019000016681
2019000030587
2019000069203
2019000025441
2019000005373
2019000027734
2019000019614
2019000002589
2019000032268
2019000066482
2019000013306
2019000073618
2019000010698
2019000014767
2019000144647
2019000061310
2019000000968
2019000003335
2019000012116
2019000027799
2019000030596
2019000021947
2019000012584
2019000088943
2019000088736
2019000024373
2019000036291
2019000133451
2019000049491
2019000075797
2019000014519
2019000050123
2019000068421
2019000012432
2019000035690
2019000146120
2019000009544
2019000037578
2019000099593
2019000070237
2019000024113
2019000030082
2019000053425
2019000142408
2019000012940
2019000022308
2019000008778
2019000026719
2019000001336
2019000076448
2019000053038
2019000009248
2019000061889
2019000097359
2019000001959
2019000043137
2019000048786
2019000139690
2019000004991
2019000066134
2019000133028
2019000019699
2019000016725
2019000065340
2019000021914
2019000119244
2019000011577
2019000028659
2019000136211
2019000006211
2019000008232
2019000016810
2019000015819
2019000077575
2019000060042
2019000013797
2019000066938
2019000041706
2019000023249
2019000006050
2019000022048
2019000001652
2019000039016
2019000066384
2019000006762
2019000117089
2019000032167
2019000064432
2019000006188
2019000066420
2019000028368
2019000002839
2019000007648
2019000016027
2019000042739
2019000104874
2019000016006
2019000018954
2019000015902
2019000025537
2019000051765
2019000037433
2019000024231
2019000004494
2019000057733
2019000003141
2019000016703
2019000046039
2019000026204
2019000037542
2019000023269
2019000033637
2019000032155
2019000019807
2019000023532
2019000058123
2019000022907
2019000097293
2019000047091
2019000027846
2019000045461
2019000006368
2019000015086
2019000045749
2019000052010
2019000021808
2019000011690
2019000021815
2019000012747
2019000038780
2019000023963
2019000024942
2019000013300
2019000021564
2019000060854
2019000002694
2019000101850
2019000084501
2019000124286
2019000016719
2019000031618
2019000010906
2019000075860
2019000016663
2019000022357
2019000002975
2019000014433
2019000072281
2019000030088
2019000002037
2019000000708
2019000021262
2019000007074
2019000026077
2019000058876
2019000006469
2019000125476
2019000025245
2019000065952
2019000018536
2019000062094
2019000060703
2019000066094
2019000024741
2019000019101
2019000016162
2019000000448
2019000001531
2019000032373
2019000018830
2019000054789
2019000105626
2019000119138
2019000115340
2019000041683
2019000003576
2019000073451
2019000022289
2019000063589
2019000007639
2019000020608
2019000039410
2019000091725
2019000011217
2019000027491
2019000034542
2019000004078
2019000002974
2019000082252
2019000057044
2019000089555
2019000028919
2019000026626
2019000038349
2019000006071
2019000002558
2019000051470
2019000009517
2019000051168
2019000053983
2019000024533
2019000001235
2019000078317
2019000118392
2019000047786
2019000139681