2019000032929
2019000004631
2019000049409
2019000142897
2019000002866
2019000074100
2019000006600
2019000075133
2019000037430
2019000064535
2019000043038
2019000012458
2019000002538
2019000024226
2019000051164
2019000065028
2019000020472
2019000007644
2019000013864
2019000002959
2019000065619
2019000069755
2019000012891
2019000041924
2019000102334
2019000038892
2019000096058
2019000050869
2019000006025
2019000037297
2019000037831
2019000060427
2019000069039
2019000075475
2019000074731
2019000030973
2019000023565
2019000093870
2019000061748
2019000069499
2019000059005
2019000029613
2019000080651
2019000105404
2019000033317
2019000070819
2019000140720
2019000048328
2019000010303
2019000022621
2019000055153
2019000120300
2019000073670
2019000038944
2019000007383
2019000095981
2019000037179
2019000027624
2019000008057
2019000056600
2019000138947
2019000030275
2019000005428
2019000012713
2019000023505
2019000064242
2019000051399
2019000029521
2019000121034
2019000117740
2019000042904
2019000066051
2019000003761
2019000042589
2019000029423
2019000061058
2019000038885
2019000064405
2019000068748
2019000030178
2019000065953
2019000142904
2019000041956
2019000008781
2019000054627
2019000022175
2019000078813
2019000025617
2019000032618
2019000061475
2019000039414
2019000010452
2019000063565
2019000041548
2019000080706
2019000009898
2019000028096
2019000044767
2019000027132
2019000047756
2019000016686
2019000031370
2019000014793
2019000115130
2019000046155
2019000016479
2019000090838
2019000007539
2019000012162
2019000108157
2019000088047
2019000138480
2019000133233
2019000057224
2019000002985
2019000015714
2019000086209
2019000008222
2019000062553
2019000028977
2019000068462
2019000031354
2019000071275
2019000075170
2019000028502
2019000049990
2019000034543
2019000026623
2019000062832
2019000063161
2019000058732
2019000030192
2019000029248
2019000052989
2019000049622
2019000020036
2019000033193
2019000049574
2019000057223
2019000067330
2019000016242
2019000112151
2019000059211
2019000042217
2019000013085
2019000029444
2019000026864
2019000004984
2019000039646
2019000069289
2019000020662
2019000125613
2019000044436
2019000057780
2019000012661
2019000030329
2019000021070
2019000112956
2019000017647
2019000039299
2019000016260
2019000076997
2019000123629
2019000108120
2019000024460
2019000024719
2019000101544
2019000041379
2019000008556
2019000010110
2019000084413
2019000087322
2019000125394
2019000034854
2019000078267
2019000037533
2019000111140
2019000012402
2019000014522
2019000001565
2019000027505
2019000012941
2019000058665
2019000005953
2019000043794
2019000131438
2019000003762
2019000021302
2019000115987
2019000016002
2019000053536
2019000004938
2019000006737
2019000015206
2019000014302
2019000037172
2019000092792
2019000012107
2019000090355
2019000003203